h{1}=1/36*[ 1  2  1;  2  4  2;  1  2  1];
h{2}=1/12*[ 1  0 -1;  2  0 -2;  1  2 -1];
h{3}=1/12*[-1  2 -1; -2  4 -2; -1  2 -1];
h{4}=1/12*[-1 -2 -1;  0  0  0;  1  2  1];
h{5}=1/ 4*[ 1  0 -1;  0  0  0; -1  0  1];
h{6}=1/ 4*[-1  2 -1;  0  0  0;  1 -2  1];
h{7}=1/12*[-1 -2 -1;  2  4  2; -1 -2 -1];
h{8}=1/ 4*[-1  0  1;  2  0 -2; -1  0  1];
h{9}=1/ 4*[ 1 -2  1; -2  4 -2;  1 -2  1];